{"nTrucks":6,"crossProb":0.8,"mutateProb":0.01,"LSProb":0.1,"maxSteps":999999999,"problem":{"matrixCost":[[0,13.892443989449804,21.02379604162864,32.55764119219941,17.204650534085253,14.142135623730951,11.40175425099138,26.419689627245813,22.02271554554524,23.08679276123039,28.319604517012593,12.041594578792296,8.06225774829855,29.154759474226502,18.110770276274835,24.73863375370596,22.02271554554524,17.26267650163207,14.7648230602334,31.906112267087632,32.449961479175904,32.0624390837628,20.808652046684813,22.02271554554524,25.059928172283335,23.08679276123039,28.160255680657446,8,29.966648127543394,29.120439557122072,30.870698080866262,29.832867780352597,10,34,31.78049716414141,39.408120990476064,43.93176527297759,18.110770276274835,15.811388300841896,38.28837943815329,42.20189569201838,30.479501308256342,31.32091952673165,34.655446902326915,25,31.32091952673165,2.23606797749979,9.433981132056603,15.811388300841896,21.633307652783937,26.1725046566048],[13.892443989449804,0,12.36931687685298,19.209372712298546,31.064449134018133,22.20360331117452,16.76305461424021,22.825424421026653,11.661903789690601,24.20743687382041,34.0147027033899,12.083045973594572,20.8806130178211,41.86884283091664,26.92582403567252,36.013886210738214,18.601075237738275,30.675723300355934,27.586228448267445,45.79301256742124,20.8806130178211,26.92582403567252,7.0710678118654755,21.587033144922902,29,33.1058907144937,18.867962264113206,8.06225774829855,16.15549442140351,21.37755832643195,32.64965543462902,17,6.082762530298219,42.95346318982906,30.610455730027933,27.313000567495326,31.064449134018133,30.4138126514911,18.788294228055936,43.04648650006177,56.0357029044876,44.204072210600685,44.94441010848846,34.17601498127012,37.656340767525464,42.04759208325728,13.92838827718412,23.323807579381203,12.36931687685298,26.40075756488817,24.20743687382041],[21.02379604162864,12.36931687685298,0,15.297058540778355,37.013511046643494,21.02379604162864,28.071337695236398,34.92849839314596,22.20360331117452,16.278820596099706,28.071337695236398,10.63014581273465,24.758836806279895,50.11985634456667,37.656340767525464,35.4682957019364,8.54400374531753,34.058772731852805,35.77708763999664,50.91168824543142,12.041594578792296,14.7648230602334,10.63014581273465,33.95585369269929,41.10960958218893,43.41658669218482,29.068883707497267,19.026297590440446,18.973665961010276,9.055385138137417,23.769728648009426,23.323807579381203,11.40175425099138,39.11521443121589,20,19.1049731745428,24.413111231467404,31.906112267087632,14.560219778561036,35.4400902933387,61.5223536610881,50.44799302251776,48.010415536631214,46.486557196677836,38.948684188300895,40.26164427839479,19.72308292331602,29.410882339705484,24.73863375370596,21.02379604162864,13.892443989449804],[32.55764119219941,19.209372712298546,15.297058540778355,0,49.678969393496885,36.05551275463989,35.35533905932738,35.014282800023196,21.095023109728988,31,43.01162633521314,25.079872407968907,38.27531841800928,61.07372593840988,45.65084884205331,50.59644256269407,23,48.02082881417188,46.75467891024384,64.20280367709809,7.810249675906654,24.166091947189145,12.206555615733702,36.6742416417845,45.60701700396552,51.97114584074513,25.317977802344327,27.202941017470888,9.486832980505138,17.08800749063506,37.48332962798263,15.811388300841896,22.80350850198276,54.3323108288245,32.28002478313795,10.04987562112089,12.083045973594572,46.51881339845203,29.832867780352597,49.49747468305833,74.65252842335616,63.0317380372777,62.26556030423239,47,53.71219600798314,55.54277630799526,32.01562118716424,41.86884283091664,28.460498941515414,36.22154055254967,27.294688127912362],[17.204650534085253,31.064449134018133,37.013511046643494,49.678969393496885,0,20.396078054371138,21.02379604162864,37.12142238654117,37.64306044943742,32.7566787083184,31.400636936215164,26.627053911388696,12.529964086141668,15.033296378372908,17.88854381999832,18.867962264113206,35.34119409414458,7.615773105863909,7.615773105863909,14.7648230602334,48.91829923454004,44.94441010848846,38.01315561749642,31.25699921617557,28.635642126552707,17.69180601295413,42.579337712087536,24.166091947189145,47.01063709417264,43.9089968002003,38.01315561749642,46.238512086787566,26.90724809414742,30.528675044947494,41.593268686170845,55.97320787662612,60.81118318204309,12.649110640673518,26.570660511172846,40.52159917870962,25,13.45362404707371,16.0312195418814,40.85339643163099,14.866068747318506,24.839484696748443,17.69180601295413,7.810249675906654,29.427877939124322,28.071337695236398,37.64306044943742],[14.142135623730951,22.20360331117452,21.02379604162864,36.05551275463989,20.396078054371138,0,25.495097567963924,40.22437072223753,33.24154027718932,12.36931687685298,14.212670403551895,11.180339887498949,9.219544457292887,35.35533905932738,30.463092423455635,14.560219778561036,16.278820596099706,14.7648230602334,23.194827009486403,31.906112267087632,32.7566787083184,25.059928172283335,27.073972741361768,36.124783736376884,38.8329756778952,33.95585369269929,40.162171256046406,20.591260281974,37.12142238654117,25.45584412271571,18.24828759089466,39.11521443121589,16.1245154965971,20.8806130178211,21.213203435596427,39.66106403010388,45.27692569068709,11.313708498984761,7.0710678118654755,24.20743687382041,42.43819034784589,32.69556544854363,27.586228448267445,48.79549159502341,18.027756377319946,20.024984394500787,12.041594578792296,15.132745950421556,29.154759474226502,8.246211251235321,17.46424919657298],[11.40175425099138,16.76305461424021,28.071337695236398,35.35533905932738,21.02379604162864,25.495097567963924,0,16.492422502470642,18.027756377319946,34.0147027033899,39.698866482558415,21.840329667841555,18.027756377319946,27.202941017470888,10.295630140987,34.438350715445125,31.575306807693888,24.73863375370596,14.560219778561036,34.92849839314596,37.64306044943742,41.30375285612676,23.259406699226016,11.180339887498949,13.92838827718412,16.64331697709324,21.840329667841555,9.055385138137417,29.732137494637012,37.013511046643494,42.05948168962618,27.202941017470888,17.029386365926403,44.654227123532216,42.37924020083418,44.01136216933077,47.41307836451879,27.313000567495326,26.832815729997478,49.678969393496885,44.01136216933077,31.953090617340916,37,23.345235059857504,33.24154027718932,41.14608122288197,13.601470508735444,15.524174696260024,8.94427190999916,33.015148038438355,36.40054944640259],[26.419689627245813,22.825424421026653,34.92849839314596,35.014282800023196,37.12142238654117,40.22437072223753,16.492422502470642,0,14.035668847618199,46.09772228646444,54.037024344425184,33.301651610693426,34.0147027033899,39.84971769034255,21.587033144922902,50.695167422546305,41.340053217188775,41.23105625617661,30,50.15974481593781,40.311288741492746,49.658836071740545,25.709920264364882,6.082762530298219,14.212670403551895,26.92582403567252,11.180339887498949,19.849433241279208,26.30589287593181,43.657759905886145,54.56189146281496,20.8806130178211,27.018512172212592,60.41522986797286,53.25410782277739,45,46.389654018972806,43.657759905886145,39.59797974644666,63.7808748764079,58.249463516842795,46.52956049652737,53.150729063673246,12.041594578792296,49.72926703662542,57.38466694161429,28.30194339616981,32.01562118716424,11.313708498984761,46.75467891024384,46.87216658103186],[22.02271554554524,11.661903789690601,22.20360331117452,21.095023109728988,37.64306044943742,33.24154027718932,18.027756377319946,14.035668847618199,0,35.805027579936315,45.617978911828175,23.706539182259394,30,45.221676218380054,27.586228448267445,46.2709412050371,29.698484809834994,39.20459156782532,32.202484376209235,52.20153254455275,26.30589287593181,36.89173349139343,12.083045973594572,15.811388300841896,25.079872407968907,33.94112549695428,7.211102550927978,14.035668847618199,13,30.4138126514911,44.204072210600685,9.219544457292887,17.46424919657298,54.120236510939236,41.72529209005013,31.016124838541646,32.7566787083184,40.01249804748511,30.4138126514911,54.70831746635972,61.741396161732524,49.658836071740545,52.952809179494906,26.076809620810597,47.01063709417264,52.61178575186362,23.021728866442675,30.59411708155671,9.219544457292887,38.01315561749642,35.35533905932738],[23.08679276123039,24.20743687382041,16.278820596099706,31,32.7566787083184,12.36931687685298,34.0147027033899,46.09772228646444,35.805027579936315,0,12.041594578792296,12.806248474865697,21.02379604162864,47.67598976424087,41,23.345235059857504,8,26.92582403567252,35,43.829214001622255,25.495097567963924,13.45362404707371,26,43.266615305567875,47.92702786528704,45.27692569068709,43.01162633521314,26.627053911388696,35.17101079013795,16.15549442140351,8.48528137423857,39,19.1049731745428,23.769728648009426,9,31.622776601683793,37.64306044943742,22.825424421026653,7.280109889280518,19.313207915827967,54.20332093147061,44.94441010848846,38.600518131237564,56.302753041036986,28.42534080710379,26.419689627245813,20.8806130178211,27.018512172212592,34.828149534535996,6.4031242374328485,5.656854249492381],[28.319604517012593,34.0147027033899,28.071337695236398,43.01162633521314,31.400636936215164,14.212670403551895,39.698866482558415,54.037024344425184,45.617978911828175,12.041594578792296,0,21.93171219946131,22.825424421026653,46.17358552246078,44.294469180700204,15.811388300841896,20.024984394500787,24.08318915758459,36.05551275463989,38.8329756778952,37.48332962798263,23.706539182259394,37.107950630558946,50.20956084253277,53.009433122794285,47.16990566028302,52.773099207835045,34.20526275297414,46.69047011971501,27.892651361962706,9.219544457292887,50,28.178005607210743,12.083045973594572,15.620499351813308,43.41658669218482,49.47726750741192,19.026297590440446,15.231546211727817,10,48.38388161361178,41.19465984809196,31.953090617340916,62.96824596572466,21.840329667841555,16.278820596099706,26.1725046566048,28.231188426986208,42.80186911806539,7.615773105863909,16.76305461424021],[12.041594578792296,12.083045973594572,10.63014581273465,25.079872407968907,26.627053911388696,11.180339887498949,21.840329667841555,33.301651610693426,23.706539182259394,12.806248474865697,21.93171219946131,0,14.212670403551895,40.311288741492746,30.01666203960727,25.709920264364882,10,23.430749027719962,26.248809496813376,40.311288741492746,22.67156809750927,20.024984394500787,16,30.528675044947494,35.73513677041127,35.12833614050059,30.886890422961002,13.892443989449804,26.019223662515376,17.46424919657298,21.2602916254693,28.442925306655784,6.4031242374328485,31.25699921617557,20.615528128088304,29.732137494637012,35,21.470910553583888,6.708203932499369,31.064449134018133,50.93132631298737,40,37.44329045369811,43.56604182158393,28.635642126552707,31.144823004794873,10.198039027185569,19.235384061671343,22.02271554554524,14.317821063276353,14.560219778561036],[8.06225774829855,20.8806130178211,24.758836806279895,38.27531841800928,12.529964086141668,9.219544457292887,18.027756377319946,34.0147027033899,30,21.02379604162864,22.825424421026653,14.212670403551895,0,26.92582403567252,21.470910553583888,16.76305461424021,22.847319317591726,9.848857801796104,14.035668847618199,26.1725046566048,36.76955262170047,32.57299494980466,27.313000567495326,29.154759474226502,30.479501308256342,24.73863375370596,36.22154055254967,16.0312195418814,37,31.38470965295043,27.459060435491963,37.48332962798263,15.652475842498529,26.627053911388696,30.01666203960727,43.840620433565945,48.91829923454004,10.04987562112089,14.317821063276353,32.7566787083184,36.76955262170047,25.80697580112788,24.166091947189145,41.23105625617661,17.029386365926403,23.40939982143925,7.0710678118654755,6,23.769728648009426,17.46424919657298,25.495097567963924],[29.154759474226502,41.86884283091664,50.11985634456667,61.07372593840988,15.033296378372908,35.35533905932738,27.202941017470888,39.84971769034255,45.221676218380054,47.67598976424087,46.17358552246078,40.311288741492746,26.92582403567252,0,18.384776310850235,32.28002478313795,49.64876634922564,22.090722034374522,14.422205101855956,14.422205101855956,61.587336360651285,59.481089431852205,48.91829923454004,33.83784863137726,27.16615541441225,13.152946437965905,48.30113870293329,33.97057550292606,56.639209034025185,57.77542730261716,53.03772242470448,54.405882034941776,39.11521443121589,43.657759905886145,56.568542494923804,68.5054742338158,72.80109889280519,27.16615541441225,41.23105625617661,54.91812087098393,19,9.433981132056603,21.93171219946131,39,26.92582403567252,37.16180835212409,30.4138126514911,21.18962010041709,36.05551275463989,43.104524124504614,52.392747589718944],[18.110770276274835,26.92582403567252,37.656340767525464,45.65084884205331,17.88854381999832,30.463092423455635,10.295630140987,21.587033144922902,27.586228448267445,41,44.294469180700204,30.01666203960727,21.470910553583888,18.384776310850235,0,35.38361202590826,40.01249804748511,24.20743687382041,10.295630140987,29.017236257093817,47.75981574503821,50,33.54101966249684,15.524174696260024,10.770329614269007,6.4031242374328485,30.01666203960727,18.973665961010276,39.824615503479755,46.389654018972806,48.38388161361178,36.796738985948195,26.30589287593181,46.69047011971501,49.8196748283246,54.230987451824994,57.706152185014034,28.284271247461902,33.734255586866,54.20332093147061,36.6742416417845,25.079872407968907,33.24154027718932,23.08679276123039,32.449961479175904,41.86884283091664,20.223748416156685,16.401219466856727,18.384776310850235,38.62641583165593,44.28317965096906],[24.73863375370596,36.013886210738214,35.4682957019364,50.59644256269407,18.867962264113206,14.560219778561036,34.438350715445125,50.695167422546305,46.2709412050371,23.345235059857504,15.811388300841896,25.709920264364882,16.76305461424021,32.28002478313795,35.38361202590826,0,29.68164415931166,11.40175425099138,25.495097567963924,23.194827009486403,46.95742752749558,36.76955262170047,41.43669871020132,45.617978911828175,45.60701700396552,36.40054944640259,52.773099207835045,32.55764119219941,51.478150704935004,38.8329756778952,24.596747752497688,53.009433122794285,30.066592756745816,11.661903789690601,30.23243291566195,53.71219600798314,59.481089431852205,7.211102550927978,21.02379604162864,23.021728866442675,32.57299494980466,26.019223662515376,16.15549442140351,57.14017850864661,6.082762530298219,6.708203932499369,23.345235059857504,19.4164878389476,40.52159917870962,16.97056274847714,29],[22.02271554554524,18.601075237738275,8.54400374531753,23,35.34119409414458,16.278820596099706,31.575306807693888,41.340053217188775,29.698484809834994,8,20.024984394500787,10,22.847319317591726,49.64876634922564,40.01249804748511,29.68164415931166,0,30.805843601498726,35.90264614203248,48.010415536631214,17.72004514666935,10.04987562112089,18.867962264113206,39.395431207184416,45.35416188179427,45.09988913511872,36.796738985948195,23.08679276123039,27.51363298439521,9.219544457292887,15.231546211727817,31.76476034853718,14.866068747318506,31.575306807693888,12.041594578792296,24.166091947189145,30.083217912982647,27.586228448267445,9.219544457292887,26.92582403567252,58.60034129593445,48.373546489791295,43.840620433565945,52.32590180780452,34.058772731852805,33.61547262794322,20.09975124224178,28.460498941515414,30.4138126514911,13.601470508735444,5.656854249492381],[17.26267650163207,30.675723300355934,34.058772731852805,48.02082881417188,7.615773105863909,14.7648230602334,24.73863375370596,41.23105625617661,39.20459156782532,26.92582403567252,24.08318915758459,23.430749027719962,9.848857801796104,22.090722034374522,24.20743687382041,11.40175425099138,30.805843601498726,0,14.142135623730951,17.204650534085253,46.09772228646444,39.824615503479755,37.16180835212409,35.73513677041127,34.66987164671943,25,45,25.179356624028344,46.8187996428785,39.824615503479755,31.25699921617557,47.07440918375928,25.495097567963924,23.021728866442675,35.4400902933387,53.150729063673246,58.412327466040935,5.0990195135927845,21.633307652783937,32.984845004941285,27.80287754891569,18.027756377319946,14.317821063276353,46.52956049652737,8.54400374531753,17.69180601295413,16.76305461424021,9.219544457292887,32.0624390837628,21.587033144922902,32.202484376209235],[14.7648230602334,27.586228448267445,35.77708763999664,46.75467891024384,7.615773105863909,23.194827009486403,14.560219778561036,30,32.202484376209235,35,36.05551275463989,26.248809496813376,14.035668847618199,14.422205101855956,10.295630140987,25.495097567963924,35.90264614203248,14.142135623730951,0,20.396078054371138,47.16990566028302,45.89117562233506,34.655446902326915,24.020824298928627,21.02379604162864,11.180339887498949,36.40054944640259,19.849433241279208,42.80186911806539,43.657759905886145,41.43669871020132,41.182520563948,24.698178070456937,37.013511046643494,44,54.08326913195984,58.412327466040935,18.601075237738275,28.071337695236398,45.69463863518345,29.546573405388315,17.46424919657298,23.345235059857504,33.24154027718932,22.20360331117452,31.827660925679098,16.15549442140351,8.06225774829855,23.40939982143925,31.400636936215164,39.20459156782532],[31.906112267087632,45.79301256742124,50.91168824543142,64.20280367709809,14.7648230602334,31.906112267087632,34.92849839314596,50.15974481593781,52.20153254455275,43.829214001622255,38.8329756778952,40.311288741492746,26.1725046566048,14.422205101855956,29.017236257093817,23.194827009486403,48.010415536631214,17.204650534085253,20.396078054371138,0,62.93647591023825,56.938563381947034,52.69724850502159,44.10215414239989,39.319206502675,25.709920264364882,56.753854494650845,38.91015291668744,61.773780845922005,57.0087712549569,47.12748667179272,60.92618484691127,41.400483088968905,33.13608305156178,52,70.00714249274856,75.07329751649384,21.02379604162864,38.8329756778952,46.04345773288535,10.63014581273465,5,8.54400374531753,51.62363799656123,17.11724276862369,26.1725046566048,32.202484376209235,22.47220505424423,43.68065933568311,38.07886552931954,49.24428900898052],[32.449961479175904,20.8806130178211,12.041594578792296,7.810249675906654,48.91829923454004,32.7566787083184,37.64306044943742,40.311288741492746,26.30589287593181,25.495097567963924,37.48332962798263,22.67156809750927,36.76955262170047,61.587336360651285,47.75981574503821,46.95742752749558,17.72004514666935,46.09772228646444,47.16990566028302,62.93647591023825,0,16.76305461424021,15.033296378372908,41.012193308819754,49.36598018878993,53.85164807134504,31.622776601683793,28.792360097775937,16.64331697709324,10.04987562112089,31.016124838541646,22.825424421026653,22.47220505424423,49.24428900898052,25.317977802344327,7.0710678118654755,12.529964086141668,43.829214001622255,25.942243542145693,43.04648650006177,73.53910524340094,62.369864518050704,60,52.3450093132096,50.774009099144415,51.264022471905186,31.400636936215164,41.23105625617661,32.14031735997639,31.32091952673165,21.02379604162864],[32.0624390837628,26.92582403567252,14.7648230602334,24.166091947189145,44.94441010848846,25.059928172283335,41.30375285612676,49.658836071740545,36.89173349139343,13.45362404707371,23.706539182259394,20.024984394500787,32.57299494980466,59.481089431852205,50,36.76955262170047,10.04987562112089,39.824615503479755,45.89117562233506,56.938563381947034,16.76305461424021,0,25,48.38388161361178,54.91812087098393,55.14526271584895,43.60045871318328,32.55764119219941,31.400636936215164,7.211102550927978,15.524174696260024,36.796738985948195,24.331050121192877,35.77708763999664,9.055385138137417,21,27.018512172212592,36.05551275463989,18.384776310850235,27.16615541441225,67.4166151627327,57.697486947006624,52.009614495783374,61.09828148156051,41.86884283091664,39.408120990476064,30.14962686336267,38.3275357934736,39.21734310225516,19.79898987322333,7.810249675906654],[20.808652046684813,7.0710678118654755,10.63014581273465,12.206555615733702,38.01315561749642,27.073972741361768,23.259406699226016,25.709920264364882,12.083045973594572,26,37.107950630558946,16,27.313000567495326,48.91829923454004,33.54101966249684,41.43669871020132,18.867962264113206,37.16180835212409,34.655446902326915,52.69724850502159,15.033296378372908,25,0,26,34.36568055487916,39.824615503479755,18.601075237738275,15,10.04987562112089,18.35755975068582,34,13,11.704699910719626,47.16990566028302,30.610455730027933,20.8806130178211,24.186773244895647,36.40054944640259,22.20360331117452,45.31004303683677,63.00793600809346,51.22499389946279,51.478150704935004,37.656340767525464,43.68065933568311,47.095647357266465,20.591260281974,30.23243291566195,17.11724276862369,29.614185789921695,24.413111231467404],[22.02271554554524,21.587033144922902,33.95585369269929,36.6742416417845,31.25699921617557,36.124783736376884,11.180339887498949,6.082762530298219,15.811388300841896,43.266615305567875,50.20956084253277,30.528675044947494,29.154759474226502,33.83784863137726,15.524174696260024,45.617978911828175,39.395431207184416,35.73513677041127,24.020824298928627,44.10215414239989,41.012193308819754,48.38388161361178,26,0,9.433981132056603,21.02379604162864,15.556349186104045,16.64331697709324,28.792360097775937,42.95346318982906,51.61395160225576,24.186773244895647,24.596747752497688,55.758407437802596,51,46.389654018972806,48.507731342539614,38.48376280978771,36.40054944640259,60.108235708594876,52.172789842982326,40.44749683231337,47.265209192385896,13.038404810405298,44.27188724235731,52.32590180780452,24.08318915758459,26.570660511172846,9.219544457292887,43.18564576337837,44.721359549995796],[25.059928172283335,29,41.10960958218893,45.60701700396552,28.635642126552707,38.8329756778952,13.92838827718412,14.212670403551895,25.079872407968907,47.92702786528704,53.009433122794285,35.73513677041127,30.479501308256342,27.16615541441225,10.770329614269007,45.60701700396552,45.35416188179427,34.66987164671943,21.02379604162864,39.319206502675,49.36598018878993,54.91812087098393,34.36568055487916,9.433981132056603,0,14.035668847618199,24.839484696748443,22.360679774997898,38.07886552931954,50.15974481593781,55.90169943749474,33.61547262794322,30.59411708155671,56.639209034025185,56.302753041036986,55.10898293381942,57.56735185849702,38.41874542459709,40.718546143004666,63.00793600809346,46.09772228646444,35.05709628591621,43.965895873961216,12.36931687685298,43.04648650006177,52.20153254455275,27.294688127912362,26.248809496813376,17.26267650163207,46.647615158762406,50.28916384272063],[23.08679276123039,33.1058907144937,43.41658669218482,51.97114584074513,17.69180601295413,33.95585369269929,16.64331697709324,26.92582403567252,33.94112549695428,45.27692569068709,47.16990566028302,35.12833614050059,24.73863375370596,13.152946437965905,6.4031242374328485,36.40054944640259,45.09988913511872,25,11.180339887498949,25.709920264364882,53.85164807134504,55.14526271584895,39.824615503479755,21.02379604162864,14.035668847618199,0,36.05551275463989,25.079872407968907,46.22769732530488,51.97114584074513,52.172789842982326,43.139309220245984,32.01562118716424,48.010415536631214,54.230987451824994,60.41522986797286,64.00781202322104,29.68164415931166,38.118237105091836,56.859475903318,32.0624390837628,21.213203435596427,31.304951684997057,26.076809620810597,32.526911934581186,42.5205832509386,25.019992006393608,18.973665961010276,24.758836806279895,42.20189569201838,49.01020301937138],[28.160255680657446,18.867962264113206,29.068883707497267,25.317977802344327,42.579337712087536,40.162171256046406,21.840329667841555,11.180339887498949,7.211102550927978,43.01162633521314,52.773099207835045,30.886890422961002,36.22154055254967,48.30113870293329,30.01666203960727,52.773099207835045,36.796738985948195,45,36.40054944640259,56.753854494650845,31.622776601683793,43.60045871318328,18.601075237738275,15.556349186104045,24.839484696748443,36.05551275463989,0,20.223748416156685,16.0312195418814,36.89173349139343,51.40038910358559,10.04987562112089,24.596747752497688,61.032778078668514,48.79549159502341,35.35533905932738,36.013886210738214,46.2709412050371,37.589892258425,61.91122676865643,65.7875368135941,53.75872022286245,58.309518948453004,22.360679774997898,53.08483775994799,59.22837157984339,29.427877939124322,36.05551275463989,13.152946437965905,45.17742799230607,42.44997055358225],[8,8.06225774829855,19.026297590440446,27.202941017470888,24.166091947189145,20.591260281974,9.055385138137417,19.849433241279208,14.035668847618199,26.627053911388696,34.20526275297414,13.892443989449804,16.0312195418814,33.97057550292606,18.973665961010276,32.55764119219941,23.08679276123039,25.179356624028344,19.849433241279208,38.91015291668744,28.792360097775937,32.55764119219941,15,16.64331697709324,22.360679774997898,25.079872407968907,20.223748416156685,0,23.021728866442675,28,35,22.135943621178654,8.246211251235321,41.23105625617661,34.438350715445125,35.34119409414458,39.11521443121589,26.076809620810597,19.849433241279208,43.93176527297759,48.877397639399746,36.89173349139343,39.05124837953327,29.68164415931166,33,39.05124837953327,9.219544457292887,16.76305461424021,8.602325267042627,26.90724809414742,28.231188426986208],[29.966648127543394,16.15549442140351,18.973665961010276,9.486832980505138,47.01063709417264,37.12142238654117,29.732137494637012,26.30589287593181,13,35.17101079013795,46.69047011971501,26.019223662515376,37,56.639209034025185,39.824615503479755,51.478150704935004,27.51363298439521,46.8187996428785,42.80186911806539,61.773780845922005,16.64331697709324,31.400636936215164,10.04987562112089,28.792360097775937,38.07886552931954,46.22769732530488,16.0312195418814,23.021728866442675,0,24.20743687382041,42.720018726587654,6.324555320336759,21.587033144922902,57.07889277132134,38.47076812334269,19.4164878389476,20.09975124224178,46.32493928760188,32.0624390837628,54.405882034941776,71.8679344353238,59.90826320300064,61.09828148156051,38.118237105091836,53.600373133029585,57.14017850864661,30.083217912982647,39.35733730830886,21.633307652783937,39.319206502675,32.69556544854363],[29.120439557122072,21.37755832643195,9.055385138137417,17.08800749063506,43.9089968002003,25.45584412271571,37.013511046643494,43.657759905886145,30.4138126514911,16.15549442140351,27.892651361962706,17.46424919657298,31.38470965295043,57.77542730261716,46.389654018972806,38.8329756778952,9.219544457292887,39.824615503479755,43.657759905886145,57.0087712549569,10.04987562112089,7.211102550927978,18.35755975068582,42.95346318982906,50.15974481593781,51.97114584074513,36.89173349139343,28,24.20743687382041,0,21,29.698484809834994,20.09975124224178,39.84971769034255,15.297058540778355,15.524174696260024,21.587033144922902,36.76955262170047,18.384776310850235,33.015148038438355,67.62396025078685,57.14017850864661,53.03772242470448,55.362442142665635,43.278170016764804,42.485291572496,27.51363298439521,36.6742416417845,33.734255586866,22.360679774997898,11.180339887498949],[30.870698080866262,32.64965543462902,23.769728648009426,37.48332962798263,38.01315561749642,18.24828759089466,42.05948168962618,54.56189146281496,44.204072210600685,8.48528137423857,9.219544457292887,21.2602916254693,27.459060435491963,53.03772242470448,48.38388161361178,24.596747752497688,15.231546211727817,31.25699921617557,41.43669871020132,47.12748667179272,31.016124838541646,15.524174696260024,34,51.61395160225576,55.90169943749474,52.172789842982326,51.40038910358559,35,42.720018726587654,21,0,46.95742752749558,27.586228448267445,20.808652046684813,6.708203932499369,36.22154055254967,42.2965719651132,26.476404589747453,15.264337522473747,12.041594578792296,57.0087712549569,49.03060268852505,40.718546143004666,64.63745044476924,30.463092423455635,25.495097567963924,28.635642126552707,33.37663853655727,43.278170016764804,10.04987562112089,10.198039027185569],[29.832867780352597,17,23.323807579381203,15.811388300841896,46.238512086787566,39.11521443121589,27.202941017470888,20.8806130178211,9.219544457292887,39,50,28.442925306655784,37.48332962798263,54.405882034941776,36.796738985948195,53.009433122794285,31.76476034853718,47.07440918375928,41.182520563948,60.92618484691127,22.825424421026653,36.796738985948195,13,24.186773244895647,33.61547262794322,43.139309220245984,10.04987562112089,22.135943621178654,6.324555320336759,29.698484809834994,46.95742752749558,0,23.021728866442675,59.682493245507096,43.266615305567875,25.709920264364882,26,47.265209192385896,34.92849839314596,58.309518948453004,70.66116330771806,58.59180830116101,61.1310068623117,32.38826948140329,54.45181356024793,59.033888572581766,30.4138126514911,38.897300677553446,18.439088914585774,42.44997055358225,37.21558813185679],[10,6.082762530298219,11.40175425099138,22.80350850198276,26.90724809414742,16.1245154965971,17.029386365926403,27.018512172212592,17.46424919657298,19.1049731745428,28.178005607210743,6.4031242374328485,15.652475842498529,39.11521443121589,26.30589287593181,30.066592756745816,14.866068747318506,25.495097567963924,24.698178070456937,41.400483088968905,22.47220505424423,24.331050121192877,11.704699910719626,24.596747752497688,30.59411708155671,32.01562118716424,24.596747752497688,8.246211251235321,21.587033144922902,20.09975124224178,27.586228448267445,23.021728866442675,0,36.87817782917155,26.419689627245813,29.410882339705484,33.97057550292606,24.73863375370596,13.038404810405298,37.44329045369811,51.85556864985669,40.311288741492746,39.81205847478876,37.589892258425,32.01562118716424,36.013886210738214,9.219544457292887,19.1049731745428,15.811388300841896,20.591260281974,20.12461179749811],[34,42.95346318982906,39.11521443121589,54.3323108288245,30.528675044947494,20.8806130178211,44.654227123532216,60.41522986797286,54.120236510939236,23.769728648009426,12.083045973594572,31.25699921617557,26.627053911388696,43.657759905886145,46.69047011971501,11.661903789690601,31.575306807693888,23.021728866442675,37.013511046643494,33.13608305156178,49.24428900898052,35.77708763999664,47.16990566028302,55.758407437802596,56.639209034025185,48.010415536631214,61.032778078668514,41.23105625617661,57.07889277132134,39.84971769034255,20.808652046684813,59.682493245507096,36.87817782917155,0,27.459060435491963,55.362442142665635,61.40032573203501,18.439088914585774,25.019992006393608,13.92838827718412,41.19465984809196,36.6742416417845,25,67.80117993073571,16.76305461424021,7,32.202484376209235,30.4138126514911,49.658836071740545,18.110770276274835,28.792360097775937],[31.78049716414141,30.610455730027933,20,32.28002478313795,41.593268686170845,21.213203435596427,42.37924020083418,53.25410782277739,41.72529209005013,9,15.620499351813308,20.615528128088304,30.01666203960727,56.568542494923804,49.8196748283246,30.23243291566195,12.041594578792296,35.4400902933387,44,52,25.317977802344327,9.055385138137417,30.610455730027933,51,56.302753041036986,54.230987451824994,48.79549159502341,34.438350715445125,38.47076812334269,15.297058540778355,6.708203932499369,43.266615305567875,26.419689627245813,27.459060435491963,0,30.01666203960727,36.05551275463989,31.016124838541646,16.1245154965971,18.110770276274835,62.16912416947821,53.45091205957107,46.14108798023731,64.00781202322104,35.84689665786984,31.827660925679098,29.614185789921695,36.013886210738214,42.190046219457976,13.92838827718412,6.4031242374328485],[39.408120990476064,27.313000567495326,19.1049731745428,10.04987562112089,55.97320787662612,39.66106403010388,44.01136216933077,45,31.016124838541646,31.622776601683793,43.41658669218482,29.732137494637012,43.840620433565945,68.5054742338158,54.230987451824994,53.71219600798314,24.166091947189145,53.150729063673246,54.08326913195984,70.00714249274856,7.0710678118654755,21,20.8806130178211,46.389654018972806,55.10898293381942,60.41522986797286,35.35533905932738,35.34119409414458,19.4164878389476,15.524174696260024,36.22154055254967,25.709920264364882,29.410882339705484,55.362442142665635,30.01666203960727,0,6.082762530298219,50.80354318352215,32.7566787083184,48.093658625644196,80.61017305526642,69.42621983083913,67.00746227100382,57.0087712549569,57.688820407423826,57.77542730261716,38.41874542459709,48.27007354458868,37.8549864614954,37.69615364994153,26.68332812825267],[43.93176527297759,31.064449134018133,24.413111231467404,12.083045973594572,60.81118318204309,45.27692569068709,47.41307836451879,46.389654018972806,32.7566787083184,37.64306044943742,49.47726750741192,35,48.91829923454004,72.80109889280519,57.706152185014034,59.481089431852205,30.083217912982647,58.412327466040935,58.412327466040935,75.07329751649384,12.529964086141668,27.018512172212592,24.186773244895647,48.507731342539614,57.56735185849702,64.00781202322104,36.013886210738214,39.11521443121589,20.09975124224178,21.587033144922902,42.2965719651132,26,33.97057550292606,61.40032573203501,36.05551275463989,6.082762530298219,0,56.302753041036986,38.47076812334269,54.147945482723536,85.63293758829018,74.24957912338628,72.42237223399962,58.215118311311535,63.28506932918696,63.694583757176716,43.139309220245984,53.03772242470448,40.496913462633174,43.657759905886145,32.7566787083184],[18.110770276274835,30.4138126514911,31.906112267087632,46.51881339845203,12.649110640673518,11.313708498984761,27.313000567495326,43.657759905886145,40.01249804748511,22.825424421026653,19.026297590440446,21.470910553583888,10.04987562112089,27.16615541441225,28.284271247461902,7.211102550927978,27.586228448267445,5.0990195135927845,18.601075237738275,21.02379604162864,43.829214001622255,36.05551275463989,36.40054944640259,38.48376280978771,38.41874542459709,29.68164415931166,46.2709412050371,26.076809620810597,46.32493928760188,36.76955262170047,26.476404589747453,47.265209192385896,24.73863375370596,18.439088914585774,31.016124838541646,50.80354318352215,56.302753041036986,0,18.384776310850235,27.892651361962706,31.38470965295043,22.561028345356956,16.278820596099706,49.92995093127971,7.280109889280518,13.892443989449804,17,12.206555615733702,33.734255586866,17.08800749063506,28.30194339616981],[15.811388300841896,18.788294228055936,14.560219778561036,29.832867780352597,26.570660511172846,7.0710678118654755,26.832815729997478,39.59797974644666,30.4138126514911,7.280109889280518,15.231546211727817,6.708203932499369,14.317821063276353,41.23105625617661,33.734255586866,21.02379604162864,9.219544457292887,21.633307652783937,28.071337695236398,38.8329756778952,25.942243542145693,18.384776310850235,22.20360331117452,36.40054944640259,40.718546143004666,38.118237105091836,37.589892258425,19.849433241279208,32.0624390837628,18.384776310850235,15.264337522473747,34.92849839314596,13.038404810405298,25.019992006393608,16.1245154965971,32.7566787083184,38.47076812334269,18.384776310850235,0,24.413111231467404,49.4064773081425,39.35733730830886,34.655446902326915,49.4064773081425,25,25.709920264364882,13.601470508735444,20.223748416156685,28.284271247461902,7.615773105863909,11.180339887498949],[38.28837943815329,43.04648650006177,35.4400902933387,49.49747468305833,40.52159917870962,24.20743687382041,49.678969393496885,63.7808748764079,54.70831746635972,19.313207915827967,10,31.064449134018133,32.7566787083184,54.91812087098393,54.20332093147061,23.021728866442675,26.92582403567252,32.984845004941285,45.69463863518345,46.04345773288535,43.04648650006177,27.16615541441225,45.31004303683677,60.108235708594876,63.00793600809346,56.859475903318,61.91122676865643,43.93176527297759,54.405882034941776,33.015148038438355,12.041594578792296,58.309518948453004,37.44329045369811,13.92838827718412,18.110770276274835,48.093658625644196,54.147945482723536,27.892651361962706,24.413111231467404,0,54.74486277268398,49.040799340956916,38.3275357934736,72.91776189653656,29,20.615528128088304,36.124783736376884,38.01315561749642,52.49761899362675,17.029386365926403,22.20360331117452],[42.20189569201838,56.0357029044876,61.5223536610881,74.65252842335616,25,42.43819034784589,44.01136216933077,58.249463516842795,61.741396161732524,54.20332093147061,48.38388161361178,50.93132631298737,36.76955262170047,19,36.6742416417845,32.57299494980466,58.60034129593445,27.80287754891569,29.546573405388315,10.63014581273465,73.53910524340094,67.4166151627327,63.00793600809346,52.172789842982326,46.09772228646444,32.0624390837628,65.7875368135941,48.877397639399746,71.8679344353238,67.62396025078685,57.0087712549569,70.66116330771806,51.85556864985669,41.19465984809196,62.16912416947821,80.61017305526642,85.63293758829018,31.38470965295043,49.4064773081425,54.74486277268398,0,12.083045973594572,16.492422502470642,58,26.570660511172846,34.23448553724738,42.638011210655684,32.802438933713454,52.92447448959697,48.30113870293329,59.682493245507096],[30.479501308256342,44.204072210600685,50.44799302251776,63.0317380372777,13.45362404707371,32.69556544854363,31.953090617340916,46.52956049652737,49.658836071740545,44.94441010848846,41.19465984809196,40,25.80697580112788,9.433981132056603,25.079872407968907,26.019223662515376,48.373546489791295,18.027756377319946,17.46424919657298,5,62.369864518050704,57.697486947006624,51.22499389946279,40.44749683231337,35.05709628591621,21.213203435596427,53.75872022286245,36.89173349139343,59.90826320300064,57.14017850864661,49.03060268852505,58.59180830116101,40.311288741492746,36.6742416417845,53.45091205957107,69.42621983083913,74.24957912338628,22.561028345356956,39.35733730830886,49.040799340956916,12.083045973594572,0,13.038404810405298,47.265209192385896,20.09975124224178,29.832867780352597,31.11269837220809,21.213203435596427,40.85339643163099,39.56008088970496,50.15974481593781],[31.32091952673165,44.94441010848846,48.010415536631214,62.26556030423239,16.0312195418814,27.586228448267445,37,53.150729063673246,52.952809179494906,38.600518131237564,31.953090617340916,37.44329045369811,24.166091947189145,21.93171219946131,33.24154027718932,16.15549442140351,43.840620433565945,14.317821063276353,23.345235059857504,8.54400374531753,60,52.009614495783374,51.478150704935004,47.265209192385896,43.965895873961216,31.304951684997057,58.309518948453004,39.05124837953327,61.09828148156051,53.03772242470448,40.718546143004666,61.1310068623117,39.81205847478876,25,46.14108798023731,67.00746227100382,72.42237223399962,16.278820596099706,34.655446902326915,38.3275357934736,16.492422502470642,13.038404810405298,0,56.32051136131489,10.295630140987,18,31.016124838541646,22.360679774997898,45.17742799230607,32.449961479175904,44.204072210600685],[34.655446902326915,34.17601498127012,46.486557196677836,47,40.85339643163099,48.79549159502341,23.345235059857504,12.041594578792296,26.076809620810597,56.302753041036986,62.96824596572466,43.56604182158393,41.23105625617661,39,23.08679276123039,57.14017850864661,52.32590180780452,46.52956049652737,33.24154027718932,51.62363799656123,52.3450093132096,61.09828148156051,37.656340767525464,13.038404810405298,12.36931687685298,26.076809620810597,22.360679774997898,29.68164415931166,38.118237105091836,55.362442142665635,64.63745044476924,32.38826948140329,37.589892258425,67.80117993073571,64.00781202322104,57.0087712549569,58.215118311311535,49.92995093127971,49.4064773081425,72.91776189653656,58,47.265209192385896,56.32051136131489,0,55.00909015790027,63.812224534175265,36.796738985948195,37.73592452822641,21.93171219946131,56.08029957123981,57.706152185014034],[25,37.656340767525464,38.948684188300895,53.71219600798314,14.866068747318506,18.027756377319946,33.24154027718932,49.72926703662542,47.01063709417264,28.42534080710379,21.840329667841555,28.635642126552707,17.029386365926403,26.92582403567252,32.449961479175904,6.082762530298219,34.058772731852805,8.54400374531753,22.20360331117452,17.11724276862369,50.774009099144415,41.86884283091664,43.68065933568311,44.27188724235731,43.04648650006177,32.526911934581186,53.08483775994799,33,53.600373133029585,43.278170016764804,30.463092423455635,54.45181356024793,32.01562118716424,16.76305461424021,35.84689665786984,57.688820407423826,63.28506932918696,7.280109889280518,25,29,26.570660511172846,20.09975124224178,10.295630140987,55.00909015790027,0,10.295630140987,24.08318915758459,17.72004514666935,40.311288741492746,22.20360331117452,34.058772731852805],[31.32091952673165,42.04759208325728,40.26164427839479,55.54277630799526,24.839484696748443,20.024984394500787,41.14608122288197,57.38466694161429,52.61178575186362,26.41968